14 26 mylar -2.8277 0.741249 -0.225616 0.0227449 0.0759794 -0.00248527 -0.0114653 0.000931056 0.00113951 -8.79952e-05 -5.52781e-05 4.1523e-06
14 26 al    -3.00445 0.75374 -0.199703 0.0448825 0.0820369 -0.0167347 -0.0177761 0.00354292 0.00232777 -0.000243133 -0.00012415 1.84216e-05
14 26 si    -2.94118 0.712493 -0.209404 0.0823446 0.0895189 -0.0300617 -0.0203144 0.00560894 0.00274247 -0.000360783 -0.000150081 1.70128e-05
13 25 mylar -2.74652 0.717569 -0.220213 0.0276448 0.0592906 0.00124907 -0.00512878 -0.000224922 0.000176795 9.42612e-07 -2.18356e-06 1.76198e-06
13 25 al    -2.92611 0.732826 -0.191472 0.0476339 0.0624652 -0.0123437 -0.0103197 0.00227648 0.00119063 -0.000146564 -6.14893e-05 5.3459e-06
13 25 si    -2.86414 0.694587 -0.204238 0.0839125 0.0735441 -0.0257757 -0.0142683 0.00444939 0.00183332 -0.000275615 -0.000100529 3.43028e-06
13 24 mylar -2.75184 0.710265 -0.217203 0.0302495 0.0581099 0.00159551 -0.00459347 -0.000401893 6.98479e-05 1.61513e-05 5.08167e-06 1.58151e-06 
13 24 al    -2.95227 0.716366 -0.183959 0.054773 0.0627558 -0.0128603 -0.0104294 0.00216846 0.00116325 -0.000132809 -5.73507e-05 6.13061e-06
13 24 si    -2.89024 0.677098 -0.195183 0.0920195 0.0728314 -0.026603 -0.0141405 0.00438185 0.00178247 -0.000263746 -9.55968e-05 4.2394e-06
12 24 mylar -2.69513 0.676075 -0.243595 0.0592537 0.0732303 -0.00821302 -0.0089868 0.00119588 0.000708217 -8.022e-05 -3.07635e-05 2.98386e-06
12 24 al    -2.8958 0.68094 -0.213669 0.0860681 0.0812215 -0.0238982 -0.016027 0.00401279 0.00198796 -0.000245884 -0.000103709 9.5426e-06
12 24 si    -2.83426 0.644021 -0.222251 0.120507 0.0877958 -0.036144 -0.018212 0.0058953 0.00233921 -0.000352 -0.000125451 9.09967e-06
