7 14 havar -3.16572 0.672567 -0.0896934 0.0818015 0.0321254 -0.00751099 -0.00155085 0.000346842 -0.00012129 -6.45511e-06 1.0341e-05 5.48688e-06
8 14 havar -3.20263 0.657794 -0.119553 0.0898043 0.044923 -0.0108108 -0.0044381 0.000805706 0.000173398 -2.77382e-05 -3.63854e-07 2.68739e-06
7 14 h	   0.91309 0.590831 -0.178416 0.115816 0.12328 -0.00825712 -0.0247795 -0.000109028 0.00237754 2.583e-05 -8.79392e-05 3.33817e-05
8 14 h	   0.895249 0.57067 -0.203144 0.123474 0.129758 -0.0106753 -0.0260215 0.000157361 0.00250855 1.64406e-05 -9.31772e-05 4.24224e-05
7 14 cu    -3.11226 0.688812 -0.120182 0.0759316 0.0332255 -0.00722463 -0.000132034 0.000432421 -0.000371941 -1.43691e-05 2.27366e-05 6.57309e-06
8 14 cu	   -3.1437 0.680316 -0.151506 0.0784693 0.0488671 -0.00858396 -0.004229 0.000589272 0.000111712 -1.92571e-05 2.13437e-06 5.094e-06
7 14 he_90_co2_10 0.917378 0.58322 -0.120598 0.129305 0.0621102 -0.0168074 -0.0101194 0.00137697 0.000897867 -5.27596e-05 -3.30538e-05 1.19254e-05
8 14 he_90_co2_10 0.896583 0.565487 -0.149486 0.138598 0.0711665 -0.0198927 -0.0120012 0.00172753 0.00109968 -6.57076e-05 -4.11752e-05 5.34039e-06
7 14 mylar -2.6952 0.646652 -0.112804 0.0926759 0.0591802 -0.00752275 -0.00899663 0.000247155 0.000723263 -1.82231e-06 -2.41689e-05 2.75878e-06
8 14 mylar -2.71609 0.627545 -0.141633 0.101752 0.0690167 -0.0104181 -0.0111842 0.000565721 0.000967021 -1.30356e-05 -3.42582e-05 1.63922e-06
